Age	Total number of children	Annual cost of education per child	Distance from school	Gender	Education Decision	Willingness to Sponsor	Incentive for schooling	Access to government universal basic education	Access to secondary education	Access to tertiary education	Parent Highest Education
22	4	30,000	0.9	0	1	1	0	0	1	1	1
20	4	30,000	0.9	1	1	1	0	0	1	1	5
17	4		0.9	0	1	1	0	1	1	1	4
8	3	1,200	0.9	1	1	0	1	1	1	1	3
	3	30000	3	1	1	1	1	1	1	0	3
21	3	35000	70	1	1	1	1	1	1	1	3
20	3	25000	0.9	1	1	0	0	1	1	1	3
22	3	96,000	40	1	1	1	1	1	1	1	6
24	4	15000	20	0	1	1	1	1	1	1	5
18	4	110,000	0.8	1	1	1	0	1	1	0	1
11	4	70,000	15	1	1	1	1	1	1	1	5
23	4	30,000	0.9	0	1	1	0	0	1	1	3
22	2		0.7	1	1	1	0	1	1	1	2
25	2	50,000	1	1	1	1	1	1	1	1	6
12	3	50,000	0.8	1	1	1	0	0	1	1	3
20	3	9000	0.8	0	1	1	1	1	1	1	4
15	4	30,000	0.9	1	1	1	0	1	1	1	4
20	4	30,000	0.7	1	1	1	0	1	1	1	2
18	4	100,000	1		1	1	0		1	1	1
	3	30,000	0.8	1	1	0	0	0	1	0	1
30	2		0.8	0	1	1	0	0	1	1	4
5	3	9000	0.8		1	1	0		1	0	1
	3		0.8	1	1	1	0	0	1	0	2
	3	30,000	0.8	1	1	1	0	0	1	1	4
	3		0.9	1	1	1	0	0	1	1	4
9	2		0.7	0	1	1	0	1	1	1	3
	4	70,000	1	0	1	1	0	0	1	1	4
23	2	45,000	0.8	0	1	1	0	0	1	1	3
	2	70,000	0.8	0	1	1	0	0	0	0	3
8	4	150,000	0.8	1	1	1	0	0	1	1	5
22	3	360,000	5		1	1	0		0	1	1
14	4	100,000	0.9	1	1	1	0	1	1	1	3
26	3	170,000	25	1	1	1	1	1	1	1	3
3	2	30,000	20	0	1	1	1	1	1	1	4
	3		20	0	1	1	1	1	1	1	3
	2		0.8	1	1	1	1	1	1	1	2
	4	100,000	0.8	1	0	1	0	1	1	1	2
21	4		0.8	0	1	1	0	1	1	1	3
15	4	180,000	0.8	1	1	1	0	0	1	1	1
13	3	5,000	0.8	1	1	1	0	0	1	1	5
18	2	70,000	0.9	1	1	1	0		0	1	1
22	3	45,000	5	1	1	1	0	0	1	1	1
20	3	52,000	0.7	1	1	1	0	0	1	1	4
20	2	300,000	0.7	1	1	1	1	1	1	1	1
20	3	12,000	0.8	1	1	1	0	0	1	1	3
22	2	10,000	80	1	1	1	1	1	1	1	5
22	4	170,000	55	1	1	1	1	0	1	1	5
	3		2	1	1	1	0	0	1	1	1
	3		1		1	1	0		1		1
18	2	100,000	1	1	1	0	1	1	1	0	3
24	3	1,850	1		1	0	0		0	0	1
20	5	150,000	1	1	1	1	1	0	1	1	5
28	2	4,500	1		1	1	0		0	0	1
20	3	40000	1		1	1	0		0	0	1
18	2	40,000	60	1	1	1	0	1	1	1	5
17	1	75,000	28	0	1	1	0	1	1	1	3
25	1		1	1	1	1	1	1	1	1	6
28	2	10,000	0.8	1	1	1	0	0	1	1	4
	3	24000	0.9	1	1	1	1	0	1	1	3
	5	13000	0.8	0	1	1	0	0	1	1	6
	4	10,000	25	0	1	1	1	1	1	1	5
20	4		1	1	1	1	1	0	1	1	5
28	5	250,000	1		1	1	0		0	1	1
20	3				1		0				1
30	5		0.8	1	1	1	0	1	1	1	5
	4				1		0				1
	3		0.9	1	1	1	1	1	1	1	5
	2	5,000	2	0	1		0	0	1	1	3
18	4	7,000	25	1	1	1	0	1	1	1	5
17	3	27,000	22	0	1	1	0	1	1	1	3
18	4	100,000	0.7	0	1	1	0	0	1	0	1
24	5		0.7	1	1	0	0	0	1	1	3
29	1		0.9	0	1	1	0	0	1	1	4
25	5		0.7	1	1	1	0	0	1	1	2
28	3		20	0	1	1	1	1	1	1	5
15	3	10,000	20		1	1	0			0	1
15	2		1		1	1	0				1
20	2	4,500	1	1	1	1	1	1	1	1	4
17	5		0.7	1	1	1	0	1	1	1	4
	4		0.9	1	1	1	0	1	1	1	5
6	3		5	1	1	0	0	1	1	1	3
22	3	250,000	0.7	0	1	1	0	0	1	1	3
20	2	35,000	0.8	1	1	1	0	0	1	1	5
23	4	384,000	0.9	1	1	0	1	1	1	1	5
27	5	45,000	0.9		1	0	0		0	1	1
7	4	25,000	0.8	1	1	0	0	0	1	1	3
17	3	60,000	0.9	0	1	1	0	1	1	1	4
23	2	52,000	0.7	0	1	1	0	0	1	1	3
24	4	300,000	0.8	1	1	1	0	1	1	1	4
	4	12,000	0.9		1		0		0	1	1
27	4		0.8	0	1	1	0	0	1	1	5
	6				1		0				
3	4				1		0				
20	3	230,000	8		1		0			1	1
21	4	2000	4		1		0		0	1	1
15	4	5,000	6	0	1	1	0	0	1	0	3
20	4	30,000	0.9	1	0	0	0	0	1	1	1
25	3		0.9	1	1	0	0	0	0	0	1
17	3		0.9	1	1	1	0	0	1	1	3
6	2		0.8		1		0				
	2				1	0	0				
22	3				1	0	0				
31	3	65,000	58		1	0	0				
	4	15,000	5	1	1	1	0	1	1	1	4
13	3	30,000	5		1	0	0			1	
6	4		5	1	1	0	0	1	1	1	3
	3	40000	4		1	0	0			0	1
3	2	17,500	7		1	0	0			1	1
	3				1		0			0	1
27	3	49000	7	0	1	1	0	0	1	1	5
	3	150,000	5	1	1	1	0	1	1	1	6
26	4	25,000	4	1	1	1	1	0	1	1	6
25	4	10,000	2	1	1	1	0	1	1	1	2
22	4	30,000	2	0	1	1	0	0	1	1	4
23	3	110,000	1	0	1	1	0	1	1	1	5
18	2	70,000	3	0	1	1	0	0	1	0	1
24	4	4,000	1	1	1	0	0	0	1	1	3
21	4		1	0	1	1	0	0	1	1	4
20	2				1		0				
21	3				1		0				
6	2				1		0				
15	4	150,000	0.7	1	1	1	0	1	1	1	5
29	2	360,000	0.8	1	0	0	0	1	1	0	2
	3	100,000	0.8	1	1	1	0	0	1	1	4
	4	35,000	0.9	1	1	0	0	0	1	1	4
30	5	384,000	0.9		1	0	0				3
6	3				1		0				
	3				1	0	0				
22	2				1	0	0				
18	2		0.9	1	1	1	0	1	1	1	1
22	3	25,000	0.7	1	1	1	0	0	0	0	5
25	3	60,000	0.9	1	1	1	0	0	1	1	3
9	4	10,000	0.9	1	1	1	0	1	1	1	3
28	3		0.9	0	1	0	0	0	1	1	2
	3		0.7	0	1	1	1	1	1	1	3
10	3		0.9	0	1	1	0	0	1	1	5
	2				1		0				1
	2	40000	0.7	1	0	1	1	1	1	1	5
	2	40,000	0.9	1	1	1	0	0	1	1	5
	3	2,400	0.8	0	1	1	0	0	1	1	4
27	3	13000	0.7	0	1	1	0	0	1	1	3
	3	10,000	0.8	0	1	1	0	0	0	0	3
21	3	50,000	0.9	0	1	1	0	1	1	1	3
15	3		1	1	1	1	0	0	1	1	1
15	2		1	1	1	0	0	0	1	1	3
31	4	45,000	70		1	0	0			1	1
13	4	5,000	2		1	0	0			0	1
21	2	30,000	6		1	1				1	1
	3				1		0				
28	2		1	1	1	1	0	0	1	1	4
	3		1	1	1	1	1	0	1	1	3
	2		1	0	1	1	0	0	1	1	6
	3		1	1	1	1	0	1	1	1	6
26	4	216,000	38	1	1	1	1	0	1	1	6
19	3				1		0				
21	4				1	0	0				
	4				1	0	0				
19	3	230,000	50		1		0				
2	4	2000	1	0	1	1	0	0	1	1	4
23	4	75,000	10	0	1	1	0	1	1	1	5
10	4		1	0	1	1	0	0	1	1	2
18	3	10,000	1		1	1	0				1
23	2				1		0				
8	4				1		0				
23	3	65,000			1		0				1
22	2	15,000	1	0	1	1	0	0	1	1	3
20	3		1	1	0	1	0	0	1	1	5
17	2		0.9	0	1	1	0	1	1	1	4
18	4		0.9	0	1	1	0	0	1	1	3
	2		0.8	1	1	1	0	0	1	1	2
18	2		0.9	0	1	1	0	0	0	1	5
25	3				1		0				
26	4	40000	0.7		1	1	0				
25	4	17,500	0.7	1	1	1	0	1	1	1	2
20	3		0.7	1	1	1	0	0	1	1	4
	3		0.7	1	1		0	0	1	1	4
14	4				1	0	0				
23	3				1	0	0				
12	3				1	0	0				
	2				1	0	0				
22	4	490000	120		1	0	1				
20	3	150,000	77	0	1	0	1	1	1	1	5
20	2	120,000	85		1	0	1		1	1	1
15	3	50000	50		1	0	0			1	1
6	2	50,000	10		1	0	0			1	1
15	3	1,200	5	1	1	1	0	1	1	1	5
20	4	150	2	1	1	0	0	1	1	0	1
23	3	30,000	1	1	1	0	0	1	1	1	5
27	2	16,000	2		1	0	0			0	1
7	2	100,000	30	1	1	0	0	0	1	1	3
22	3	30,000	2		1	0	0		1		2
18	2	250000	59	1	0	1	0	1	1	1	1
22	3	100,000	0.8	1	1	1	0	0	0	0	5
25	3		<1km	1	1	1	0	0	1	1	3
17	4	30,000	0.9	0	1	0	0	0	1	1	2
25	5	50,000			1	0	0			1	2
18	2				1		0				
	3	20,000	3		1	0	0			0	3
25	2	30,000	3		1	0	0			1	3
8	2				1		0				
	2	1,200	0.8	0	1	1	1	1	1	1	3
10	2	30000	4	0	1	1	0	0	1	1	5
	3	35000	6		1	1	1		0	1	3
20	4	25000	2		1	0	1		0	0	2
24	4	96,000	28		1	1	1		0	1	2
	4	15000	3		1	1	1		0	0	3
25	4	50,000	44		1	0	1		0	1	3
	3	50,000	28		1	1	1		0	1	3
	5	9000	1	1	1	1	1	1	1	1	5
	5	30,000	1	1	1	1	0	0	1	1	5
8	2	30,000	0.9	1	1	0	1	1	1	1	3
	2	100,000	55	1	1	1	1	1	1	0	3
21	3	30,000	5	1	1	1	1	1	1	1	3
25	3	180,000	65	1	1	0	0	1	1	1	3
25	4	5,000	33	1	1	1	1	1	1	1	6
24	3	100,000	25	0	1	1	1	1	1	1	5
28	3	1,850	0.9	1	1	1	0	1	1	1	1
11	2	150,000	32	1	1	1	1	1	1	1	5
12	3	5,000	0.9	1	1	1	0	0	1	1	3
26	2	7,000	1	0	1	1	1	1	1	1	4
15	3	27,000	1	1	1	1	0	1	1	1	4
18	3	4,000	2		1	1	0		0		
	4	1000	1	1	1	0	0	0	1	0	1
25	3	120,000	1	0	1	1	0	0	1	1	4
5	3				1		0				
	3	8,000	1	1	1	1	0	0	1	1	2
8	2	40,000	1	1	0	1	0	0	1	1	5
22	2	15,000		1	1	1	1			0	2
14	3	150,000	5	1	1	1	0	1	1	1	3
26	3	120,000	78	1	1	1	1	1	1	0	3
3	4	150,000	45	0	1	1	1	1	1	0	4
27	3		25	0	1	1	1	1	1	0	3
25	6	40,000	1	1	1	1	1	1	1	1	2
	2	8,000	0.8	1	1	1	0	1	1	0	2
20	3	10,000	5	1	1	1	0	0	1	0	1
20	4	40,000	0.9	1	1	1	0	0	1	1	4
20	3	150,000	0.8	1	1	1	1	1	1	1	3
30	3	10,000	1	1	1	1	0	0	1	1	3
	2	1,875	62	1	1	1	1	1	1	1	5
22	2	1,875	58	1	1	1	1	0	1	1	5
	3			1	1	1	0	0	1	1	1
	3	4,500	1	1	1	1	1	1	1	1	5
	4		2	0	1	1	0	0	1	1	3
20	4	45,000	1	1	1	1	1	1	1	1	4
17	4		0.7	1	1	1	0	1	1	1	4
	3	30,000	0.9	1	1	1	0	1	1	1	5
15	3	11,500	2	0	1	1	0	0	1	0	3
20	2	70,000	1	1	1	0	0	0	1	1	1
35	3	0	1	1	1	0	0	0	0	0	1
15	5	120,000	1	1	1	0	0	0	1	1	3
35	6	0	3	0	1	0	0	0	1	1	1
18	5	8,000	3	1	1	1	0	0	1	1	2
	3	40,000	0.9	1	1	0	0	0	0	0	1
	6	15,000	0.9	1	1	0	0	0	1	1	3
27	3	150,000	0.9	1	1	1	0	1	1	1	5
	3	30,000	0.9	1	1	1	0	0	0	1	4
	5		0.8	0	1	1	0	1	1	1	5
29	2		0.9	1	1	0	0	1	1	1	2
25	2	30,000	0.9	0	1	1	1	0	1	1	2
	1				1	0	0				
28	1		1	1	1	1	0	1	1	1	3
	1	120,000	2	0	1	1	0	0	1	0	1
17	2	150,000	1	1	1	1	0	0	1	1	3
	3		1	0	1	1	0	1	1	1	5
	3	40,000	1	1	1	1	1	1	1	0	3
27	5	8,000	0.8	0	1	1	0	0	1	1	3
30	6	90	0.8	1	1	1	0	1	1	1	5
	6	10,000	0.9	0	0	1	0	1	1	1	4
	3				1		0				
	4	35,000	0.9		1	1	1	1	1	1	4
9	1				1		0				
29	2	6,000	0.8	1	1	1	0	1	1	1	2
19	5	50,000			1		0			1	3
	2		2	1	1	1	0	0	0	1	5
20	3	20,000	0.7	1	1	1	0	1	1	1	25
	3		0.9	0	1	1	0	0	1	1	1
	5	35,000	0.8	0	1	0	0	0	1	1	1
18	2	65,000	4	1	1	1	0	0	1	1	2
	6	12,000	0.9	1	1	0	0	0	0	0	1
	3	4,500	1	1	1	0	0	0	1	1	3
27	3		0.8	1	1	1	0	1	1	1	5
	4	25,000	2	1	1	1	0	0	0	1	4
	3		0.9	0	1	1	0	1	1	1	5
13	3	40,000	0.9	1	1	1	0	0	1	0	5
18	4	150,000	45		1	1	0		0	1	1
	6	10,000	2		1	1	0		0	0	1
	3	1,875	1	0	1	1	0	0	1	1	4
12	3	1,875	1		1	0	0			0	1
	4		2	0	1	0	0	0	1	1	2
30	3		1	1	1	0	1	1	1	1	2
25	2	100,000	3	0	1	1	0	0	1	1	2
	2				1		0				
28	2	100,000	0.8	1	1	1	0	1	1	1	3
	3	10,000	2	0	1	1	0	0	1	0	3
18	3		1	1	1	0	1	1	1	0	3
17	4	250,000	0.9	1	1	1	0	0	1	1	3
	3	52,000	2		1	1	0				
	3	10,000	1	1	1	1	0	1	1	1	4
9	3				0		0				
12	2	35,000	0.9	1	1	1	0	0	1	1	4
7	2	50,000	1	1	1	1	0	0	1	1	3
	2				1		0				
27	3	30,000	1	1	1	1	0	0	1	1	3
	3	35,000	3		1	1	0		0	1	2
16	4	24,000	0.9	0	1	1	0	0	1	1	5
23	4	40000	1	1	1	0	1	1	1	1	5
9	3	70,000	0.8	1	1	1	0	1	1	1	5
	2	80,000	0.9	1	1	0	0	0	1	1	1
20	3	30000	0.9		1	0	0		0	1	2
	3	10,000	1	0	1	1	0	0	0	0	5
29	5	80,000	2		1	1	0		0	1	3
	5	125,000	1	0	1	1	0	1	1	1	5
	3	20,000	0.9	1	1	1	1	1	1	0	3
27	4	10,000	0.8	0	1	1	0	0	1	1	3
30	4	28,000	0.9	1	1	1	0	1	1	1	5
	4	4,500	0.9	0	1	1	0	1	1	1	4
	4				1		0				
24	2	40,000			1	1	0				2
30	2	56,000	0.9	1	1	1	0	1	1	1	5
	3	70,000	5		1	1	0		0		3
17	3	4,500	0.8	1	1	1	0	0	1	1	3
34	2	60,000	0.7	1	1	1	0	1	1	1	4
	3	100,000	0.9		1	1	0				2
27	3	50,000	0.7	0	1	1	0	0	1	1	5
	3	60,000	0.9	0	1	1	0	0	1	0	1
16	2	100,000	0.7	0	1	1	0	0	0	0	2
	2	6,000	0.8	1	1	1	0	0	1	1	1
12	2	20,000	0.9	1	1	1	0	0	1	1	3
	3	100,000	0.7	1	1	1	1	1	1	1	5
15	3	50,000	0.9		1	1	0		0		2
20	4	35,000	0.9	1	1	1	0	1	1	1	2
	3	80,000	0.7	0	1	1	0	1	1	1	3
	3	120,000	0.9	1	1	1	0	1	1	1	5
7	3	20,000	55	1	1	1	1	0	1	0	3
25	4	15,000	2	0	0	1	0	0	1	1	1
30	2	35,000	0.9	1	1	0	0	0	1	1	3
	4	120,000	0.9	1	1	1	0	0	1	0	3
	3	170,000	0.8	1	1	0	0	0	1	1	3
	4	40,000	5	1	1	0	1	1	1	1	5
20	4	30,000	0.9	1	1	0	0	0	1	1	1
15	4	25,000	0.8	1	1	1	0	0	1	1	3
14	3	10,000	0.7	1	1	1	0	0	1	1	2
27	2	30,000	0.9	1	1	1	0	1	1	1	2
13	4	100,000	0.7	1	1	1	0	1	1	1	4
22	3	20,000	0.9	1	1	1	0	1	1	1	2
4	4	250000	5	1	1	1	0	0	1	0	1
17	3	90,000	1	1	1	1	0	0	0	1	4
29	2	230,000	1	1	1	0	0	0	0	1	4
7	3	90000	0.8	1	1	1	1	1	1	1	4
32	2	300,000	2	0	1	1	0	0	1	1	5
5	2	20,000	0.9	0	1	1	0	1	1	1	3
	3	10000	0.8	1	1	1	0	0	1	1	3
	3	75000	0.7	1	1	0	0	1	0	1	4
	4	120,000	0.9	1	1	1	0	1	1	1	4
	4	25,000	0.9	1	1	0	0	1	1	1	2
23	3	70,000	1	1	1	1	0	0	1	1	3
	3	40,000	1	1	1	1	0	1	1	1	5
10	4	6,000	1	0	1	1	0	0	1	1	6
	3	10,000	2	1	1	1	0	0	1	1	5
17	4		0	0	1	1	0	0	0	1	6
	4	200,000	2	1	1	1	0	1	1	1	5
25	2	4,500	2	0	1	1	0	0	1	1	3
	2	0	0.9	1	1	1	0	1	1	1	4
30	3	8,000	1	0	1	1	0	0	0	0	5
	3		0.9	0	1	1	0	1	1	1	3
	2	70,000	0.8	1	1	1	0	1	1	1	4
	2	150,000	0.9	1	1	1	0	0	1	1	5
9	2	120,000	0.7	1	0	1	0	1	1	1	3
	4	10,000	0.8	0	1	1	0	0	1	1	4
27	4	70,000	0.9	0	1	1	0	0	1	1	3
	4	15,000	0.9	0	1	1	0	0	0	0	3
	3	250,000	0.8	1	1	1	1	0	0	1	6
27	4	30,000	0.9	1	1	1	0	0	1	1	4
30	5	80,000	1	1	1	1	1	1	1	1	5
10	2	6,000	0.9	1	1	1	1	1	1	1	4
29	3	10,000	1	1	1	1	0	1	1	1	5
	2	0	0.9	1	1	1	1	1	1	1	4
17	4		1	1	1	1	0	0	1	1	5
	3	50,000	1	1	1	1	0	0	1	1	5
9	2	70,000	0.9	1	1	1	1	1	1	1	4
	2	180,000	6	1	1	0	0	0	1	1	1
	2	120,000	80	0	1	1	0	1	1	1	5
24	3	45,000	2	0	1	1	0	0	1	1	3
27	4	20,000	1	0	1	1	0	1	1	1	6
12	3	40,000	0.7	0	1	0	0	0	1	1	1
	3	5,000	0.9	1	1	1	0	1	1	1	4
21	3	30,000	1	0	1	1	0	1	1	1	3
	2				1		0				
	3	30,000	1	1	1	1	0	0	1	1	2
	3	4,500	0.9	0	1	0	0		1	1	1
	2		0.7	1	1	0	0	1	1	1	1
	3		0.9	1	1	1	0	0	0	0	1
18	2	45,000			1	1	0		0	1	1
19	3	35,000	1	1	1	1	0	1	1	1	1
	2			1	1	1	0	0	1	1	1
	2	20,000	1	0	1	1	0	1	1	1	3
20	4		1	1	1	1	0	0	1	1	1
18	3	110,000	0.9	0	1	1	0	1	0	0	6
	4	70,000	1	1	1	1	0	1	1	1	3
27	4	30,000	0.9	1	1	0	0	0	1	1	1
27	4		0.9	1	0	1	0	0	0	0	1
25	4	100000	1	0	1	1	0	1	1	1	3
	4	200,000	0.9	1	1	0	0	1	1	1	4
14	4		1	1	1	1	0	0	0	1	2
30	3	30,000	1	0	1	1	0	1	1	1	5
30	2				1						
15	3		0.9	1	1	1	1	1	1	1	4
	4		0.7	1	1	0	0	1	1	1	4
15	2		0.7	1	1	1	1	1	1	0	5
15	3	85000	0.9	0	1	0	1	1	1	1	5
25	2		1	1	1	0	1	1	1	1	4
6	3	5000	2	1	1	1	0	1	1	0	2
25	2	120,000	1	1	1	1	0	0	0	1	5
	2	4500	1	1	1	1	0	1	1	1	3
	3	10000	1	0	1	1	0	1	0	0	5
	3	35,000			1	1	1				
20	4		2	1	1	1	1	1	1	1	4
15	3	2000	0.8	0	1	1	1	1	1	1	3
18	3				1		0				
5	3				1		0				
20	3	9,000	0.9	0	1	0	1	1	1	1	3
20	3	10000	1	1	1	1	0	0	1	1	3
20	2	10000	1		1	1	0		0		
16	3	40000	1	1	1	1	0	0	1	1	3
16	3	8,000			1	1	0		0		
21	2	35000	0.9	0	0	1	0	1	1	1	3
15	3		0.8	1	1	1	0	0	1	1	1
13	3	65,000	0.8	1	1	1	0	0	1	1	5
18	3				1						
14	4	40,000	0.9	1	1	1	1	1	1	1	5
19	4	10,000	1	1	1	1	0	1	1	1	5
20	2				1	1					
	2	75,000	1	1	1	0	0	0	0	1	1
	3	230000	1	1	1	1	0	1	1	1	5
18	2				1						
5	3				1						
	3				1						
	4	10000	0.9	1	1	0	0	0	1	1	2
29	5				1					0	
25	2		0.9	0	1	1	0	0	1	1	2
	3	1000	0.8	0	1	1	1	1	1	1	4
	2	30000	0.9		1	1	0		0	1	
22	2	70000	1	0	1	1	0	0	1	1	5
25	2	120,000	8	1	1	1	1	1	1	1	3
13	2				1	1	0				
	3	100000	0.7	1	1	1	1	0	1	1	5
16	4				1	0	0				
5	4	5,000	0.9	0	1	0	0	0	1	1	2
23	4	30000	1	0	1	1	0	0	0	0	4
12	4	30,000	1	1	1	1	0	1	1	1	4
8	3	100000	5	0	1	1	0	1	1	1	5
6	5	50,000	3	0	1	1	0	0	1	1	5
19	5		1	1	1	0	0	1	0	0	5
24	2	500,000	55	0	1	1	0	1	1	1	3
4	1	70,000	45		1	1	0			0	
21	4	125000	1	1	1	1	0	1	0	0	4
12	3	350,000	52	1	1	0	0	0	0	1	5
	3	230,000	60	1	1	1	0	0	0	1	5
24	3	50,000	7	1	1	1	0	1	0	0	1
4	4	115,000	80	1	1	1	0	1	1	1	5
	2	130,000	23	0	1	1	0	1	1	1	3
	3	78,000	5	1	1	1	0	1	1	1	5
	2	30,000	1	1	1	1	0	0	1	1	1
	3				1		0		0		
18	2	25,000	1	1	1	0	1	1	1	0	3
24	4				1						
30	3	60,000	23	1	1	1	0	1	1	1	5
	3				1		0				
17	3	30,000	2	1	1	1	0	0	1	1	3
4	2	15,000	1	1	1	1	0	0	1	1	3
14	2		1	1	1	1	0	0	1	1	3
	3	300,000	58	0	1	1	0	1	1	1	4
18	2	12,000	2	0	1	1	0	0	1	1	3
8	3	150,000	45	1	1	1	0	0	1	1	3
31	4	360,000	56	0	1	1	0	0	1	1	5
15	5	100,000	52	1	1	0	0	0	1	1	1
8	2	60000	0.9	0	0	1	0	0	1	1	5
	3	384,000	1	1	1	1	0	0	0	1	4
12	4	25,000	0.9	0	1	1	1	1	1	1	5
	4	30000	2	0	1	1	0		1	1	3
	3	45000	0.9		1	1	0		0	0	
30	2	75000	0.9	0	1	1	0	1	1	1	5
	2	45000	1	0	1	1	0	1	11	0	4
7	3		1	1	1	1	0	1	1	1	5
15	3	80,000	1	0	1	1	0	1	1	1	5
26	3	11,500	1	0	1	1	0	1	1	1	5
25	4	70,000	1	0	1	1	0	0	1	1	5
20	4	70000	1	0	1	1	0	1	1	1	5
6	4		0.9	0	1	1	0	1	1	1	55
23	3				1	1	0		0		
22	2		1	1	1	1	0	0	1	1	3
	3		1	0	1	1	0	1	1	1	4
	5	26,000	2	1	1	1	0	1	0	1	5
13	6		0.9	0	1	1	0	1	1	1	1
	5		2	0	1	1	0	0	0	0	5
	4	15,000	0.9	1	1	0	0	0	1	1	3
22	6	12000	1	0	1	1	0	0	0	1	5
31	3	5000	1	0	1	1	0	0	0	1	3
30	3				1	1					
34	4	20000	0	1	1	0	0	0	1	1	3
29	1	96,000	52	0	1	1	0	0	1	1	4
28	2		0.9	1	1	1	0	0	1	1	4
	2		0.8	1	1	1	1	0	1	1	3
	1	20,000	0.9	0	1	1	0	0	1	1	6
	1		1	1	1	1	0	1	1	1	6
26	2	20000	1	1	1	1	1	0	1	1	6
2	3	10000	1	0	1	1	0	0	1	1	4
23	3		1	0	1	1	0	1	1	1	5
	5		0.9		1	1	1	1	1	1	4
9	6	50,000			1	1	1		0	1	
29	5		2	1	1	1	0	1	1	1	2
19	3	23000	25		1	0	0			0	
18	4	2000	2	1	1	1	0	1	0	1	5
20	1	75,000	0.9	1	1	1	0	1	1	1	5
	1		1	0	1	1	0	0	1	1	1
10	4	10000	1	0	1	1	0	0	1	1	2
18	3				1	1					
18	3	1000	1	0	1	1	0	0		1	5
	3	65,000	5		1		1			0	1
22	5	15,000	0.8		1		1			0	1
20	5	1000	1	0	1	0	1	1	1	1	5
	5	40000	0.8		1		1		0	0	5
	3	17,500	0.9		1		0		0	0	
	4	20,000	1	1	1	1	0	0	1	1	1
15	4	490000	55	1	1	1	0	1	1	1	5
12	1	150000	23	1	1	0	0	0	1	0	1
28	3	120,000	12	1	1	1	0	1	1	1	5
22	6	50000	23	1	1	1	0	0	1	1	5
23	4	50,000	2	1	1	0	1	1	1	0	2
25	4	1200	2		1	1	0		0	0	
	3				1		0		0		
7	2	30,000	1	1	1	0	0	0	0	0	5
	3	16,000	2		1	0	0		1	1	3
	2	100,000	52	1	1	0	0	0	1	1	5
30	2	30000	30		1	0	0		0	1	1
	2	250000	30		1	0	0		0	1	1
24	3	100,000	25		1	0	0		0	1	1
	3		2	1	1	0	0	0	1	1	5
6	4	30000	25		1	0			1	1	4
15	4	50,000	1	1	1	1	0	1	1	1	5
	4		1	1	1	0	0	1	1	0	1
23	4	20000	1	1	1	0	1	1	1	1	5
27	2	30000	2		1	0			1	1	4
7	2		1	1	1	0	0	0	1	1	3
32	2	1200	2		1	0			1	1	2
18	3	30000	5	1	1	1	0	1	1	1	1
22	4	35000	50	1	1	1	0	0	0	0	5
25	4	25000	5	1	1	1	0	0	1	1	3
28	4	96,000	6	0	1	0	0	0	1	1	2
	3	15000	0.9	0	1	1	1	1	1	1	3
10	2	50,000	2	0	1	1	0	0	1	1	5
	3	50000	5		1		1		1	1	1
	4	9000	1	1	1	1	1	1	1	1	3
	5	30000	0.8	1	1	1	0	0	1	1	3
8	5	30,000	0.7	1	1	0	1	1	1	1	3
	3	100,000	25	1	1	1	1	1	1	0	3
30	4	30,000	70	1	1	1	1	1	1	1	3
32	4	180,000	0.9	1	1	0	0	1	1	1	3
25	3	5,000	5	1	1	1	1	1	1	1	6
24	4	100,000	50	0	0	1	1	1	1	1	5
28	2	1850	1	1	1	1	0	1	1	1	1
11	3	150000	50	1	1	1	1	1	1	1	5
12	2	5,000	1	1	1	1	0	0	1	1	3
30	3	7000	4	0	1	1	1	1	1	1	4
15	2	27,000	1	1	1	1	1	1	1	1	4
18	3	60,000	2		1		1		1		1
	3	4,500	1	1	1	0	1	0	1	1	1
30	3	4,500	1	0	1	1	1	0	1	1	4
5	3	2,000			1	0	1				
	2	3,000	1	1	1	1	1	0	1	1	2
8	2	3,000	1	1	1	1	1	0	1	0	5
	3				1		1				
14	3	2,000	1	1	1	1	0	1	1	1	3
26	4	45,000	53	1	1	1	1	1	1	0	3
3	5	80,000	53	0	1	1	1	1	1	0	4
	5	15000	42	0	1	1	1	1	1	0	3
	4	30,000	1	1	1	1	1	1	1	1	2
	2	12,000	0.9	1	1	1	0	1	1	0	2
20	2	140000	5	1	1	1	0	0	1	1	1
20	2	140000	4	1	1	1	1	0	1	1	4
20	4	75000	45	1	1	1	1	1	1	1	2
30	5	1000	1	1	0	1	0	0	1	1	3
32	4		3	1	1	1	1	1	1	1	5
22	5	38,000	3	1	1	1	1	0	1	1	5
	3	4,500	2	1	1	1	0	0	1	1	1
	2	6,000	1	1	1	1	1	1	1	1	5
	4	3,300	2	0	1	0	0	0	1	1	3
20	5	6,000	1	1	1	1	1	1	1	1	4
17	2	4,500	1	1	1	1	0	1	1	1	4
	2	56,000	1	1	1	1	0	1	1	1	4
15	2	85,000	3	0	1	1	0	0	1	0	3
20	4	6000	0.8	1	1	0	0	0	1	1	1
35	2		0.8	1	1	0	0	0	0	0	1
	2	20,000	0.8	1	1	0	0	1	1	1	4
18	4	60,000	1	1	1	1	0	1	1	1	2
	3	60,000	2		1	0	0	0	1	1	3
20	4	6,000	0.8		1	0	0	0	1	1	2
22	3	15,000	12		1	0	0	0	1	1	1
18	3	4,500	0.9		1	0	0	0	1	1	2
18	3	55,000	23		1	0	0	0	1	1	2
23	2	65,000	21		1	0		0	1	1	2
	3	6,000	25	1	1	1	1	1	1	1	4
	4	4,500	25	1	0	1	1	1	1	1	5
25	4	100,000	25	1	1	0	0	0	1	1	1
24	2	4,500	1	1	1	0	0	0	1	1	5
14	2	30000	1	0	1	1	0	0	0	1	5
8	3	20,000	1	0	1	1	0	1	1	1	3
	3	14,000	1	1	1	1	0	0	1	1	5
13	2	12,000	1	1	1	1	0	1	1	11	5
24	2	35000	1	1	1	0	0	0	1	1	1
17	2	20000	2		1	0	0		1	0	1
	3	100,000	5	0	1	1	0	1	1	1	4
3	3	1000	2	0	1	0	0	1	1	1	2
	3	25000	2	1	1	1	1	1	1	1	3
27	3	3000	2	0	1	1	1	1	1	1	4
25	3	85000	10	1	1	1	1	1	1	1	5
34	5	33000	4	0	1	0	1	1	1	1	4
22	2	15000	4	0	1	1	1	1	1	1	4
23	3	140000	10	1	1	1	1	1	1	1	3
14	1	10000	1	1	1	1	1	1	1	1	4
20	5	40,000	2		1	1	1		1	1	4
19	4	140000	25	1	0	1	1	0	1	1	5
17	4	85,000	70	1	1	1	1	1	1	1	4
28	3	10000	1	0	1	1	1	1	1	1	5
18	3	50000	2	0	1	1	1	1	1	1	4
	5	30000	3	0	1	1	1	1	1	1	5
19	1	30,000	5	1	1	0	0	1	1	1	4
30	2	20000	2	1	1	1	1	1	1	1	4
25	2	17,000	2	1	1	0	0	1	1	1	3
9	1	24,000	2	0	1	1	1	1	1	1	5
19	1	40000	2	0	1	1	0	1	1	1	5
24	2	28000	1	1	1	1	1	1	1	1	3
19	3	35,000	5	1	1	0	0	1	1	1	4
	3	20000	0	0	1	1	0	0	1	1	4
12	5	150000	10		1	0	0		1	1	4
	6	55,000	2	0	1	0	0	0	1	1	2
	5	65,000	6		1	0	0		1	0	
	3	35,000	1	1	1	1	0	1	1	1	4
27	4	65,000	6	1	1	1	0	0	1	1	3
35	1	12000	2		1	0	0		1	0	1
	2	20000	3	0	1	0	0	0	0	0	1
25	5	4,500	1	1	1	0	0	1	0	1	1
37	2	25,000	2		1		0		0	0	1
25	3	6,000	0.7	1	1	1	0	0	1	1	4
13	2	4,500	0.9	0	1	1	0	1	1	1	5
13	5	10,000	1	1	1	0	0	1	1	1	4
	5	1850	1	0	0	1	0	1	1	1	5
30	5	35000	0.9	1	1	0	0	1	1	0	4
	3	4,500	0.9	1	1	1	0	1	1	1	4
38	4	50,000	2	0	0	1	0	1	1	1	5
27	4	4,000	1	1	1	0	0	0	1	1	5
	2	30000	0.9	1	1	1	0	0	0	0	4
8	3	35000	2	0	1	1	0	1	1	1	1
27	5	24000	2	1	1	1	0	1	1	1	4
3	4	100,000	5	0	1	0	0	0	0	0	5
16	4	4000	1	1	1	1	0	0	1	0	1
	4	5000	1	0	1	1	0	0	0	1	5
10	2	4500	0.8	1	1	1	1	1	1	1	4
17	4	20,000	0.9	1	1	1	0	0	1	1	5
19	3	40000	0.9	0	1	1	0	1	1	1	3
	2	70,000	5	1	1	1	1	1	1	1	5
	2	21,000	0.9	1	1	1	0	0	1	1	5
25	3	120,000	0.8	0	1	1	0	1	1	1	5
30	3	35,000	0.9	1	1	1	1	1	1	1	4
25	3	10,000	0.8	1	1	0	0	1	1	1	3
16	3	44,000	0.9	0	1	1	0	0	1	0	5
23	3	100,000	52	1	0	0	1	1	1	1	5
9	3	4,500	0.8	1	1	1	0	1	1	1	5
	2	70,000	5	1	1	0	0	0	1	1	1
20	2	35,000	1		0	0	0		1	1	2
	2	5000	0.9	0	1	1	0	0	0	0	5
9	3	10000	2	0	1	1	1	1	1	1	5
29	3	96,000			1		0		1	1	5
16	3	45,000	0.9	0	1	0	0	0	0	0	2
37	3	20000	0.8	1	1	0	0	0	1	1	1
12	3	20,000	2	1	1	1	0	0	1	1	3
19	2	25000	2	0	1	1	0	1	1	1	5
35	3	60,000	5	1	1	1	1	1	1	1	5
15	3	70,000	5		1	0	0		1	1	2
20	4	10,000	0.8	1	1	1	0	1	1	1	1
	4	4,000	0.9	0	1	1	0	1	1	1	3
35	3	60,000	21	1	1	1	0	1	1	1	5
24	4	12,000	1	1	1	1	1	1	1	1	3
24	3	120,000	25		1	1	0		1	1	1
13	4	90,000	5		1	1	0		1	1	1
13	4	12,000	0.8		1	1	0		1	1	1
21	2	80,000	1	1	1	1	1	1	1	1	5
7	3	45,000	0.9	1	1	1	1	0	1	0	3
25	2	80,000	2	0	1	1	0	0	1	1	1
30	3	4,500	0.7	1	1	1	1	1	1	1	2
24	2	50,000	0.9	0	1	0	1	1	1	1	5
	4	60,000	0.8	1	1	0	1	1	1	1	3
20	4	45,000	0.8	0	1	1	1	1	1	1	5
	3	35,000	0.9	0	0	1	1	1	1	1	5
32	3	98,000	23	0	1	1	1	1	1	1	3
30	2	65,000	5	1	1	1	0	1	1	1	2
19	2	2000	0.8	1	1	0	1	1	1	0	4
	3	80,000	5	1	1	1	1	1	1	1	4
3	3	5000	0.8	1	1	0	0	0	1	1	1
	4	75,000	5	1	1	1	0	0	1	1	3
13	4	50,000	1	1	1	1	1	0	1	0	5
	4	80000	2	0	1	1	1	1	1	1	3
25	3	70000	1	1	1	1	1	1	1	1	5
15	2	55,000	5	1	1	1	0	1	1	1	3
	2	65000	5	1	1	0	0	0	1	1	1
13	2	90000	23	1	1	1	0	1	1	1	5
15	3	80,000	6	1	0	0	1	1	1	1	3
7	4	60,000	5	0	1	1	1	1	1	1	3
	4	1,500	0.9		1	1	1		1	0	2
	4	40,000	23	1	1	1	1	1	1	1	1
30	3	120,000	30	1	1	1	1	1	1	1	4
20	2	4000	1	0	1	1	1	1	1	0	3
20	4	32,000	1	1	0	1	1	1	1	0	4
6	3	48,000	30	1	1	1	1	1	1	1	3
	2	4,500	3	1	1	1	1	1	1	1	4
20	3	80,000	12	0	1	1	1	1	1	1	5
24	2	75,000	20	0	1	1	1	1	1	1	4
25	4	45,000	2	0	1	1	0	1	1	1	2
	2	2,000	1	0	1	1	1	1	1	1	5
	2	4,500	0.9	0	1	1	1	1	1	1	2
5	4	45,000	3	1	1	1	1	1	1	1	4
23	3	70,000	3	0	1	1	1	1	1	1	2
	4	85000	5	1	1	1	1	1	1	1	5
18	3	4,500	0.7	0	1	1	1	1	1	1	4
	3	25,000	0.9	1	1	1	1	1	1	1	4
27	3	85,000	6	1	1	1	1	1	1	1	5
	2	4,500	0.9	1	1	1	1	1	1	1	4
8	3	45,000	1	1	1	1	1	1	1	1	4
	3	3,000	2	0	1	1	1	1	1	1	4
21	3	2,000	0.9	0	1	1	1	1	1	1	5
35	2	57000	23	1	1	1	1	1	1	1	5
15	2	60000	5	1	1	1	1	1	1	1	4
	3	72,000	5	0	0	1	1	1	1	1	4
19	3	56000	10	0	1	1	1	1	1	1	5
28	2	50,000	10	0	1	1	1	1	1	1	4
9	3	3,000	0.9	1	0	1	1	1	1	1	4
	2	25,000	2	0	1	0	1	1	1	1	2
27	3	50,000	2	1	0	1	1	1	1	1	3
15	3	4,500	0.7	1	1	1	1	1	1	1	5
	3	4,500	0.9	0	1	1	1	1	1	1	3
30	3	5,000	0.9	1	1	1	1	1	1	1	3
29	3	4,500	0.9	0	1	1	1	1	1	1	4
15	3	3000	0.9	1	1	0	0	1	1	1	1
18	3	3000	0.7	1	1	1	1	1	1	1	4
	3	20000	0.7	1	1	1	0	0	1	1	3
26	2	7,000	2	0	1	1	1	1	1	1	3
19	4	20000	2	0	1	1	1	1	1	1	4
	4	1,500	0.8	1	1	0	0	1	1	1	2
21	2	85,000	0.9	1	1	1	1	1	1	1	4
28	2	45,000	1	1	1	1	1	1	1	0	2
	2	65,000	2	0	1	1	1	0	1	1	5
	3	20000	2	0	1	0	0	1	1	1	2
25	3	60,000	20	1	1	0	0	1	1	1	3
	4	20000	1	1	1	1	1	1	1	1	4
11	4	100000	5	0	1	0	0	1	1	1	1
	3	80,000	5	1	1	1	0	1	1	1	3
21	2	2000	0.7	0	0	0	0	1	1	1	2
	5	20000	0.9	0	1	1	1	1	1	1	5
	5	15000	2	1	1	1	1	1	1	1	5
17	2	30000	1	1	1	1	1	1	1	1	3
	3	100,000	2	0	1	1	1	0	1	1	3
	2	55,000	6	1	1	1	1	1	1	1	3
20	2	20000	8	0	0	1	1	1	1	1	5
2	1	25,000	0.9	0	1	1	1	1	1	1	3
15	3	80000	5	1	1	0	1	1	1	1	3
	4	43,000	2	1	1	0	1	1	1	1	1
	3	4,500	0.7	0	1	1	1	1	1	1	5
	3	38,000	2	1	1	0	0	1	1	1	4
	4	70,000	5	0	1	0	1	1	1	1	3
	3	5,000	0.7	0	1	0	0	1	1	1	4
13	3	4,000	0.7	1	1	1	1	0	1	1	4
	4	1,500	0.7	1	1	1	1	1	1	0	1
	4	70,000	0.9	1	1	1	0	0	1	1	1
	3	15000	2	0	0	0	1	1	1	1	4
6	3	20000	0.9	1	1	1	0	0	1	1	1
24	3	80,000	20	1	1	0	1	1	1	1	2
	3	5,000	0.9	1	1	1	1	1	1	1	5
29	2	80,000	2	1	1	1	0	1	1	1	3
	3	85,000	2	1	1	1	1	0	1	1	5
22	2	55,000	2	0	1	1	0	0	1	1	3
	3	5,000	0.9	1	1	1	1	1	1	1	4
	2	4,500	0.7	1	1	1	0	0	1	1	4
24	2	35,000	0.9	1	1	1	0	0	1	1	5
	2	45,000	2	1	1	1	1	1	1	1	5
27	2	43,000	1	1	1	1	0	0	1	0	1
4	2	150,000	52	0	1	1	0	0	1	1	3
	3	200,000	80	1	0	1	0	0	1	1	4
	3	3,000	1	1	1	1	0	0	1	1	5
	3	47,000	0.9	1	1	0	0	0	1	1	3
	3	40,000	25	1	0	1	1	1	1	1	4
26	3	75,000	5	1	1	1	0	0	1	1	5
3	2	2,500	0.9	1	1	1	1	1	1	1	2
10	3	40,000	1	1	1	1	0	0	1	1	5
24	3	48,000	1	1	1	1	1	1	1	1	3
32	2	8,000	2	1	0	0	1	1	1	0	1
21	3	50,000	8	0	1	0	0	1	1	1	5
12	3	37,000	2	0	1	1	1	1	1	1	4
30	3	55,000	5	1	1	1	0	1	1	1	3
30	3	56,000	5		1	0	1		1	0	1
26	4	42,000	2	1	1	0	0	1	1	1	2
	2	4,500	0.8	0	1	1	1	1	1	1	4
16	2	6,000	0.8	1	1	1	0	0	1	1	3
22	3	10,000	0.7	1	1	1	1	0	1	1	5
	2	1,850	0.8	1	0	1	1	1	1	1	4
33	4	3,000	0.9		1	1			1		1
20	3	4,500	14	1	1	1	1	1	1	1	4
33	3	25,000	1	1	1	1	1	1	1	1	6
24	5	35,000	1	1	1	1	1	0	1	1	5
	2	15,000	2	0	1	0	1	1	1	1	4
	2	3,300	0.9	1	1	0	0	1	1	1	1
	2	10,000	1	1	1	1	1	0	0	0	4
35	1	35,000	2	1	1	1	1	0	1	0	5
18	2	45,000	1	0	1	1	1	0	1	1	5
22	2	50,000	12	1	1	0	0	0	1	1	3
16	4	100000	12	1	1	1	0	0	1	1	5
24	3	50,000	5		1	0	0		1	0	1
	3	4,500	0.9	1	1	0	0	1	1	1	3
	4	30,000	4	0	1	1	1	1	1	1	4
24	2	140,000	15	0	1	1	1	1	1	1	5
22	3	40,000	1	1	1	1	1	1	1	1	3
	5	120,000	6	0	1	1	1	1	1	1	4
	4	45,000	2	1	1	1	1	1	1	1	4
27	2	80,000	0.9		0	0	1		1	1	1
	1	4,500	0.9		1	0	1		1	1	1
21	3	55,000	2	1	0	1	1	0	1	1	3
15	4	60,000	2	1	1	1	1	0	1	1	5
13	3	65,000	45	1	1	1	1	1	1	1	4
18	5	45,000	2	1	1	1	1	0	1	1	4
	5	8000	0.7		1	0	1		1	1	1
18	2	30000	0.8		1	0			1	1	1
24	3	10000	0.9		1	0	0		1	1	1
30	2	10,000	0.7		1	0	0		1	1	1
	4	2500	0.7		1	0	1		0	1	1
17	3				1	0	1			1	1
34	4	20000	0.9		1	0	1		1	1	1
35	5	10000	0.7		1	0	1		1	1	1
27	4	28000	0.9		1	0	1		1	1	1
	3				0	0	1		1	1	1
34	2				1	0	1			1	1
29	2	4500	1	1	0	1	1	0	1	1	3
28	3	35000	1	1	1	1	1	0	1	1	5
	5	20,000	2	1	1	1	1	1	1	1	3
	4	40,000	1	1	1	1	0	0	1	1	6
15	3	56,000	40	0	1	1	0	1	1	1	3
26	5	70,000	2		1	0	1		1		1
2	2	56,000	1	0	1	1	1	1	1	1	4
23	3				1	1	0		0	1	1
10	3		1	1	0	1	0	1	1	1	4
18	4				1	0	0		0	0	1
26	3	70,000	3	0	0	0	0	1	1	1	4
12	2	75,000	5	1	1	1	0	1	1	1	5
20	2	45,000	3	0	1	0	1	1	1	1	1
	3	60,000	20	1	0	1	0	1	1	1	3
	2	80,000	20	0	1	1	1	1	1	1	5
	3	50,000	1	1	0	1	1	1	1	1	5
21	3	46,000	1	1	1	1	1	1	1	1	3
30	3	85,000	5	1	1	0	0	0	1	1	3
	4	4,500	0.8	1	1	1	0	0	1	0	3
	3		0.7	1	1	0	0	0	1	1	3
	2		5	1	1	0	1	1	1	1	5
20	3	90,000	23	1	1	0	0	0	1	1	1
24	5	60,000	5		1	0	0		1	1	1
15	6	15,000	1	1	1	1	0	0	1	1	3
14	5	160,000	8	1	1	1	0	0	1	1	2
	3	3,000	0.8	1	1	1	0	1	1	1	2
13	5	35,000	0.9		1	0	1		1	1	1
13	3				1	0					1
13	3		0.9	1	1	1	0	1	1	1	4
32	4		1	1	1	1	0	1	1	1	2
21	1	45,000	1	1	1	1	1	1	1	1	5
4	2		5	1	1	1	0	0	1	1	1
17	2		1	1	0	1	0	0	0	0	4
	1	3,300	0.8	1	0	0	0	0	0	0	4
18	1	44,000	8	1	1	1	0	1	1	1	5
8	3	60,000	0.9		1	1	1		1	1	1
4	3	4,500	0.7		1	1	1		1	1	1
5	4		0.7	1	1	1	1	1	1	1	5
20	5		0.7	1	1	1	1	1	1	1	4
22	6		0.9	1	1	1	1	1	1	1	5
20	7		1	1	1	1	1	1	1	1	4
4	4		0.8	1	1	1	1	1	1	1	3
18	3		0.9	1	1	1	1	1	1	1	3
3	1	80,000	35	1	1	1	1	1	1	1	5
30	2	80,000	1	0	1	1	1	1	1	1	4
	5		0.7	1	1	1	1	1	1	1	3
29	1	38,000	0.9	0	1	0	1	1	1	1	3
21	2	4,500	0.8		1	0	1		1	1	1
30	3	6,000	0.8		1	0	1		1	1	1
	5	3,300	0.8	1	0	1	1	1	1	1	3
7	5	6,000	1	1	1	1	1	1	1	1	5
34	5	4,500	0.9	0	1	1	1	1	1	1	5
16	3	56,000	5	1	1	1	1	1	1	1	5
27	4	85,000	5	0	1	0	0	1	1	1	1
17	3	6000	1	1	1	1	1	1	1	1	4
17	2				0	0	0		0		1
28	3	20,000	0.8		1	1	0		1	1	1
24	6	60,000	2		1	1	0		1	1	1
	3	60,000	12	0	1	1	1	1	1	1	3
18	3	6,000	0.9		0	0	0		1	1	1
32	4	15,000	0.8		1	0	1		1	1	1
	2	4,500	0.9	1	1	0	0	1	1	1	2
31	3	55,000	25	1	1	1	0	1	1	1	4
	2	65,000	8	1	1	0	0	1	1	1	4
18	3	6,000	1	1	0	1	0	1	1	1	2
	3	4,500	0.9		1	0	0		1	1	1
20	3	100,000	5		1	0	0		1	1	1
22	3	4,500	0.9		1	0	1		1	1	1
18	4	55,000	12		0	0			1	1	1
18	4	65,000	5		1	0	1		1	1	1
23	4	6,000	0.9		1	0	1		1	1	1
33	3	4,500	0.9	1	1	1	1	1	1	1	4
	2	100,000	45	1	1	1	1	1	1	1	5
17	2				1	0			0		1
	2		0.9	0	1	1	0	1	1	1	4
3	3		0.9	0	1	0	0	1	1	1	2
	4	20,000	2	1	1	1	1	1	1	1	3
27	4		2	0	1	1	1	1	1	1	4
25	3		1	1	1	1	1	1	1	1	5
34	3		1	0	0	0	1	1	1	1	4
22	2	20,000	2	0	0	1	1	1	1	1	4
23	4	30,000	0.9	1	1	1	1	1	1	1	3
14	5		1	1	1	1	1	1	1	1	4
20	5				1		1				1
19	5	70,000	25	1	1	1	1	0	1	1	5
17	3	45,000	2	1	1	1	1	1	1	1	4
28	3	170,000	5	0	1	1	1	1	1	1	5
18	3	30,000	2	0	1	1	1	1	1	1	4
	4		3	0	1	1	1	1	1	1	5
19	4		5	1	1	0	0	1	1	1	4
30	2	70,000	2	1	1	1	1	1	1	1	4
25	2	45,000	1	1	1	0	1	1	1	1	3
9	2	170,000	23	0	1	1	1	1	1	1	5
19	3	20,000	2	0	1	1	0	1	1	1	5
24	2	12,000	1	1	1	1	1	1	1	1	3
19	4	4,500	0.8	1	1	0	0	1	1	1	4
30	3	6,000	0.8	1	1	1	1	1	1	1	4
25	3	80	3	1	1	0	0	1	1	1	3
9	3	80,000	2	0	1	1	1	1	1	1	5
19	2	10,000	2	0	1	1	0	1	1	1	5
24	2	8,000	1	1	1	1	1	1	1	1	3
24	3				1		1				1
13	3				1		1				1
13	3				1	0	0				1
21	3		1	1	1	1	1	1	1	1	5
24	3	4,500	0.9		1		0		1		1
13	4				1		0				1
13	2				1	1	0				1
21	2		1	1	0	1	1	1	1	1	5
20	2		1	1	1	1	1	No	1	1	5
28	3				0	1					1
20	3				1						1
18	3		14	1	1	1	0	1	1	1	5
17	3		15	0	1	1	0	1	1	1	3
28	3		12	0	0	1	1	1	1	1	5
20	2		1	1	1	1	1	0	1	1	5
28	4				1						1
20	3				1						1
18	2	20,000	30	1	1	1	0	1	1	1	5
17	3	60,000	32	0	0	1	0	1	1	1	3
28	2	60,000	40	0	0	1	1	1	1	1	5
15	4	6,000	0.8		1		0				1
15	2	15,000			1		1				1
6	2	4,500	5	1	1	0	0	1	1	1	3
	3	55,000	0.9		0	1	1			1	1
3	3	65,000	0.7		1	1	1			1	1
20	3	6,000	0.9		1	0	1			1	1
31	3	4,500	0.7		0	0	1			1	1
6	3	100,000	0.7		1	0	1			1	1
	3	4,500	0.9		1	0	1			1	1
22	2	55,000	0.9		0	0				1	1
31	4	65,000	0.8		1	0				1	1
13	4	6,000			1	0				1	1
6	4	4,500	5	1	1	0	0	1	1	1	3
	2	100,000			1		0		1	1	1
3	2	1,500	0.9	0	1	0	0		1	1	1
20	3	70,000	4	0	1	0	0		1	1	1
31	3		0.8	1	1	0	0		1	1	1
6	2	20,000	0.8	0	1	0	0		1	1	1
	2	60,000	0.8	1	1	0	0		1	1	1
22	2	60,000	0.9	0	1	0	0		1	1	1
31	4	6,000	8	0	1	0	0		1	1	1
13	3	15,000	6	1	1	0	0		1	1	1
21	4	4,500	3	1	1	0	0		1	1	1
	3	55,000	2		1	0	0		1	1	1
19	4	65,000	1	1	1	0	0		1	1	1
21	5	6,000	1	1	1	0	0		1	1	1
	3	4,500	1	0	1	0	0		1	1	1
19	3	100,000	0.9	0	1	0	0		1	1	1
23	2	4,500	0.9	0	1	0	0		1	1	1
8	5	55,000	6	1	1	0	0		1	1	1
23	5	65,000	5	1	1	0	0		1	1	1
	3	6,000	2	1	1	0	0		1	1	1
14	3	4,500	1	0	1	0	0		1	1	1
23	4	100,000	1	0	1	0	0		1	1	1
12	2	20000	2	1	1	0	0		1	1	1
23	2	25000	9	1	1	0	0		1	1	1
8	5	52000	5		1	0	0		1	1	1
23	4	15000	3		1	0	0		1	1	1
	3	12000	2		1	0	0		1	1	1
14	2	5800	1		1	0	0		1	1	1
23	5	4000	1		1	0	1		1	1	1
	6	5000	1		1	0	1		1	1	1
26	4	8000	0.9	1	1	0	1	1	0	0	2
	4	50000	5	0	1	1	0	1	0	1	4
12											
28											
											
25											
8											
											
20											
24											
											
25											
28											
											
25											
8											
											
20											
24											
											
25											
